0,0
26,21
30,2
33,2
43,2
119,1
123,1
128,3
132,2
178,1
187,2
192,1
193,7
195,8
213,4
219,5
221,2
226,11
254,1
272,1
275,1
288,1
299,4
300,1
303,1
305,2
306,2
312,10
315,3
324,1
337,1
339,2
363,1
367,3
369,1
384,2
387,1
389,1
391,1
398,1
405,1
423,1
438,1
447,1
451,2
456,1
461,3
465,8
467,1
471,1
473,2
482,1
491,2
497,1
506,2
511,3
513,5
515,1
520,2
527,1
531,1
537,1
542,1
551,1
560,1
565,1
591,1
607,1
613,1
621,1
637,2
651,1
652,1
653,2
659,1
675,1
693,1
697,1
709,2
745,1
747,1
751,1
793,1
797,1
839,1
861,1
873,1
937,1
959,1
987,1
1025,1
1042,1
1073,1
1083,1
1117,1
1145,1
1177,1
1603,1
2102,1
2739,1
