0,0
21,1651
26,50100
28,143
29,379
30,3675
33,8928
34,2662
36,6
37,1
38,96
41,423
42,65
43,4690
46,5
49,12
51,605
59,15
119,2078
123,3371
127,29
128,4591
130,800
131,219
132,6485
134,4
136,235
138,356
140,596
142,3
148,7
178,2097
186,12
187,4714
192,15
193,16309
194,200
195,24653
197,3017
201,1441
213,11956
217,258
219,8516
220,518
221,6921
222,1
224,4
226,30530
236,4
238,4
239,4
241,552
245,4
248,207
249,5
250,2516
254,3687
256,3062
258,3414
260,1416
262,94
263,12
272,1798
273,1177
275,504
277,237
279,192
281,618
283,257
285,2
286,219
288,597
290,462
291,179
292,547
293,3
294,316
296,127
297,1
298,1
299,12308
300,820
301,432
302,262
303,2720
304,2
305,1138
306,4892
307,947
308,9
309,1229
310,985
311,222
312,32180
313,4
315,7143
317,184
318,6
319,12
320,1437
321,184
324,376
327,4
328,399
329,12
330,69
331,430
332,6
334,34
335,30
336,14
337,4563
338,87
339,3326
340,33
341,191
342,373
343,34
344,264
345,5
349,3
350,1
351,10
352,1
359,4
361,1582
362,21
363,1143
364,1103
365,3
367,6968
369,3986
370,23
371,1871
372,839
373,2337
374,18
377,512
378,1
379,869
380,287
381,13
382,1333
383,628
384,5100
385,444
387,11
389,6639
390,12
391,255
392,213
393,3252
394,240
395,994
396,1
397,76
398,7763
400,2124
401,374
402,885
404,56
405,1277
406,277
407,7
408,4
409,2035
410,1
413,10
414,176
415,4
416,47
417,486
418,5
419,489
420,21
421,3
423,799
424,33
425,232
426,40
427,1245
429,798
430,16
431,4
432,227
433,812
434,28
435,607
436,221
437,41
438,80
439,43
440,102
441,1
442,1212
443,398
444,104
446,5
447,710
448,5514
449,17
450,49
451,1364
452,393
453,19
454,8
455,25
456,195
457,58
458,311
459,65
460,2
461,5798
462,41
463,3
464,562
465,16644
467,4690
469,310
470,1
471,3937
472,24
473,3146
474,11
475,84
476,208
477,40
478,7
479,1050
480,276
481,541
482,727
483,379
484,233
485,56
486,247
487,20
488,358
489,3
490,3
491,4803
492,2
493,2
494,211
495,40
496,29
497,1248
498,185
499,1024
500,2
501,269
502,10
503,476
504,14
505,234
506,5032
507,36
508,35
509,722
510,1953
511,3613
512,1050
513,10889
514,1
515,218
516,6
517,257
518,274
519,1970
520,1285
521,3
522,15
524,7
525,193
526,385
527,692
528,99
529,34
531,1263
533,5
534,4
535,835
536,222
537,858
538,649
539,17
540,62
541,47
542,148
543,23
544,665
545,4
546,274
547,187
548,194
549,1282
550,11
551,725
552,474
553,52
554,78
555,9
556,38
557,451
558,1
559,1126
560,22
561,374
562,82
563,506
564,8
565,332
566,408
567,542
568,182
569,1027
570,189
571,1745
572,5
573,438
574,214
575,51
576,32
577,7
578,13
579,286
580,197
581,27
582,16
583,777
584,16
585,19
586,1151
587,270
588,13
589,2008
590,33
591,996
592,266
593,148
594,219
595,213
596,646
597,660
598,454
599,377
600,55
601,259
602,38
603,451
604,11
605,588
606,257
607,5250
608,707
609,3753
610,36
611,240
612,53
613,146
614,386
615,24
616,4
617,692
618,36
619,212
620,475
621,260
622,364
623,227
624,36
625,99
626,4
627,109
628,23
629,21
630,13
631,21
632,619
633,17
634,182
635,387
637,5900
638,194
639,21
640,14
641,223
642,5
643,49
644,21
645,220
646,238
647,198
648,70
649,298
650,880
651,38
652,257
653,7933
654,245
655,492
656,14
657,882
658,18
659,5240
660,106
661,511
662,27
663,2253
664,262
665,2151
666,5
667,208
668,12
669,545
670,13
671,212
672,202
673,199
674,85
675,1426
676,16
677,70
678,1226
679,222
680,106
681,196
682,440
683,750
684,216
685,13
686,46
687,397
688,220
689,683
690,385
691,23
692,15
693,805
694,52
695,1274
696,21
697,481
698,16
699,26
700,197
701,30
702,4
703,38
704,9
705,160
706,58
707,85
708,84
709,340
710,19
711,1712
712,3
713,657
714,19
715,410
716,22
717,26
718,15
719,382
720,22
721,585
722,25
723,213
724,55
725,285
726,10
727,844
728,57
729,56
730,45
731,30
732,288
733,417
734,25
735,754
736,40
737,22
738,37
739,232
740,224
741,230
742,655
743,473
744,373
745,2985
746,213
747,973
748,69
749,744
750,23
751,1549
752,29
753,24
754,9
755,40
756,6
757,46
758,181
759,38
760,213
761,375
762,6
763,325
764,46
765,270
766,23
767,269
768,394
769,53
770,23
771,264
772,21
773,307
774,7
775,52
776,29
777,5
778,29
779,35
780,23
781,873
782,199
783,25
784,2
785,373
786,1612
787,74
788,61
789,42
790,11
791,841
792,194
793,2014
794,225
795,261
796,26
797,202
798,188
799,224
800,945
801,98
802,18
803,506
804,5
805,435
806,8
807,471
808,7
809,199
810,1
811,38
812,1
813,34
814,8
815,19
816,7
817,206
818,224
819,392
820,589
821,56
822,22
823,32
824,215
825,11
826,5
827,11
828,33
829,298
830,365
831,282
832,210
833,44
834,8
835,33
836,186
837,45
838,28
839,857
840,221
841,37
842,365
843,110
844,40
845,583
846,16
847,6
848,180
849,443
850,179
851,149
852,26
853,239
854,3
855,46
856,25
857,750
858,9
859,659
860,31
861,2220
862,192
863,33
864,7
865,5
866,222
867,14
868,1
869,240
870,37
871,458
872,25
873,38
874,10
875,38
876,22
877,15
878,566
879,45
880,11
881,296
882,14
883,232
884,13
885,228
886,51
887,989
888,53
889,916
890,198
891,619
892,5
893,281
894,22
895,666
896,11
897,285
898,6
899,383
900,195
901,202
902,4
903,203
904,14
905,365
906,7
907,49
908,209
909,27
910,208
911,12
912,6
913,5
914,5
915,78
916,22
917,22
918,8
919,355
920,4
921,60
922,30
923,200
924,182
925,193
926,9
927,79
928,18
929,56
930,39
931,30
932,9
933,22
934,31
935,198
936,182
937,95
938,182
939,1209
940,25
941,210
942,3
943,705
944,12
945,312
946,21
947,263
948,14
949,245
950,10
951,13
952,181
953,65
954,177
955,283
956,8
957,14
958,49
959,68
960,22
961,36
962,543
963,201
964,187
965,17
966,3
967,67
968,15
969,199
970,197
971,208
972,4
973,72
974,9
975,232
976,10
977,207
978,9
979,9
980,9
981,53
982,11
983,218
984,3
985,271
986,17
987,231
988,1
989,17
990,17
991,227
992,2
993,53
994,18
995,220
996,6
997,26
998,13
999,34
1000,3
1001,454
1002,7
1003,739
1004,4
1005,246
1006,11
1007,9
1008,15
1009,11
1010,6
1011,196
1012,28
1013,203
1014,9
1015,36
1016,17
1017,14
1018,10
1019,34
1020,186
1021,182
1022,26
1023,25
1024,1
1025,529
1026,12
1027,410
1028,1
1029,217
1030,16
1031,437
1032,19
1033,246
1034,11
1035,194
1036,3
1037,200
1038,14
1039,220
1040,182
1041,21
1042,6
1043,386
1044,8
1045,372
1046,4
1047,199
1048,18
1049,25
1050,8
1051,44
1052,8
1053,213
1054,5
1055,33
1056,2
1057,41
1058,1
1059,29
1060,180
1061,44
1062,6
1063,10
1064,179
1065,11
1066,49
1067,8
1068,30
1069,16
1070,196
1071,210
1072,13
1073,459
1074,6
1075,213
1076,4
1077,23
1078,11
1079,200
1080,191
1081,25
1082,177
1083,61
1084,2
1085,195
1086,4
1087,72
1088,24
1089,239
1090,189
1091,40
1092,2
1093,40
1094,15
1095,14
1097,203
1098,19
1099,205
1100,4
1101,235
1102,22
1103,3
1104,7
1105,4
1106,9
1107,5
1108,21
1109,201
1110,179
1111,33
1112,186
1113,388
1114,9
1115,22
1116,6
1117,12
1118,1
1119,220
1120,10
1121,18
1122,9
1123,198
1124,1
1125,16
1126,14
1127,186
1128,26
1129,429
1130,6
1131,26
1132,1
1133,30
1134,4
1135,24
1136,2
1137,228
1138,3
1139,208
1141,64
1142,3
1143,26
1145,191
1147,40
1148,4
1149,26
1150,11
1151,376
1152,9
1153,11
1154,5
1155,23
1156,11
1157,36
1158,8
1159,23
1160,5
1161,405
1162,5
1163,10
1165,181
1166,26
1167,228
1168,7
1169,58
1170,181
1171,38
1172,5
1173,37
1174,359
1175,28
1176,7
1177,15
1178,5
1179,31
1180,7
1181,36
1182,1
1183,192
1184,1
1185,38
1186,21
1187,27
1188,180
1189,13
1190,4
1191,183
1192,1
1193,3
1194,17
1195,29
1196,1
1197,13
1198,5
1199,196
1200,2
1201,17
1202,7
1203,183
1204,4
1205,16
1206,1
1207,18
1208,2
1209,22
1210,22
1211,36
1212,8
1213,194
1214,10
1215,194
1216,3
1217,31
1218,1
1219,561
1220,3
1221,189
1222,1
1223,21
1224,21
1225,203
1226,4
1227,29
1228,7
1229,206
1230,2
1231,216
1232,4
1233,34
1234,5
1235,194
1236,12
1237,13
1238,12
1239,35
1240,2
1241,14
1242,20
1243,13
1244,2
1245,6
1246,3
1247,20
1248,13
1249,9
1250,15
1251,12
1252,6
1253,35
1254,1
1255,23
1256,3
1257,199
1258,2
1259,25
1260,2
1261,7
1262,12
1263,14
1264,4
1265,9
1266,1
1267,12
1268,5
1269,12
1270,1
1271,19
1272,3
1273,192
1274,3
1275,18
1276,7
1277,5
1279,195
1280,176
1281,16
1282,200
1283,21
1284,6
1285,11
1286,2
1287,13
1288,5
1289,9
1290,18
1291,12
1292,3
1293,15
1294,4
1295,15
1296,12
1297,9
1299,7
1300,4
1301,9
1303,4
1304,1
1305,36
1306,7
1307,16
1308,15
1309,191
1310,5
1311,194
1312,2
1313,20
1314,4
1315,5
1316,3
1317,8
1319,4
1320,4
1321,13
1322,1
1323,23
1324,4
1325,22
1326,2
1327,8
1328,3
1329,7
1330,4
1331,10
1333,8
1334,4
1335,24
1337,18
1338,4
1339,13
1340,2
1341,6
1343,12
1344,5
1345,20
1346,9
1347,1
1348,176
1350,3
1351,20
1352,176
1353,10
1354,9
1355,3
1356,3
1357,6
1358,4
1359,4
1360,14
1361,9
1362,2
1363,15
1364,4
1365,5
1367,28
1369,1
1370,4
1371,363
1372,11
1373,39
1374,5
1375,7
1376,2
1378,3
1379,11
1380,3
1381,15
1382,1
1384,8
1385,19
1387,6
1388,9
1389,9
1391,12
1392,5
1393,183
1395,7
1396,3
1397,6
1398,182
1399,5
1400,9
1401,5
1403,10
1404,4
1405,10
1407,26
1408,4
1409,196
1410,1
1411,6
1412,7
1413,2
1415,1
1416,3
1417,353
1418,1
1419,25
1420,1
1421,18
1422,176
1423,11
1424,1
1425,13
1427,180
1429,2
1431,15
1433,7
1434,4
1435,188
1437,6
1438,1
1439,6
1440,1
1441,19
1442,4
1443,4
1444,176
1445,181
1446,1
1447,200
1449,359
1451,8
1453,5
1454,176
1455,10
1456,2
1457,182
1458,4
1459,13
1460,5
1461,9
1463,6
1465,6
1466,2
1467,16
1469,7
1470,2
1471,4
1473,2
1475,5
1477,8
1478,1
1479,1
1481,5
1484,1
1485,5
1487,8
1488,5
1489,7
1490,1
1491,1
1492,3
1493,8
1494,4
1495,8
1497,176
1499,2
1501,8
1503,178
1504,8
1505,6
1506,176
1507,9
1508,176
1509,192
1511,6
1513,2
1514,1
1515,2
1516,1
1517,4
1518,15
1519,2
1520,3
1521,1
1523,1
1525,6
1526,1
1527,1
1528,2
1529,6
1531,4
1533,2
1535,10
1536,1
1537,3
1539,6
1541,7
1542,1
1543,8
1544,5
1545,4
1547,14
1549,5
1550,1
1551,1
1553,3
1555,179
1557,4
1558,4
1559,4
1560,3
1561,7
1562,16
1563,1
1564,6
1567,1
1568,2
1569,4
1570,5
1571,13
1572,4
1573,1
1575,2
1579,1
1581,7
1583,1
1584,2
1585,3
1587,3
1589,1
1591,5
1593,8
1594,3
1595,6
1596,6
1597,1
1598,5
1599,3
1601,3
1603,1
1604,1
1605,2
1607,3
1609,181
1615,8
1616,3
1617,7
1619,5
1621,6
1622,1
1623,11
1625,179
1626,14
1627,2
1629,1
1630,2
1631,4
1632,11
1633,2
1635,6
1636,1
1637,3
1638,1
1639,3
1640,4
1643,9
1647,4
1648,2
1649,4
1651,5
1652,17
1653,7
1654,6
1655,3
1657,3
1659,4
1661,3
1663,14
1665,5
1667,6
1668,3
1672,4
1673,5
1675,4
1676,14
1677,4
1678,5
1679,3
1681,5
1684,2
1685,2
1687,1
1688,2
1689,18
1691,1
1693,6
1694,15
1695,4
1696,2
1697,10
1698,2
1699,7
1700,1
1702,2
1703,4
1706,1
1712,176
1715,5
1716,4
1717,1
1719,176
1720,5
1721,1
1722,1
1723,2
1725,4
1728,1
1729,2
1731,3
1733,2
1735,1
1739,4
1740,1
1741,15
1742,2
1743,6
1744,1
1746,1
1747,5
1749,1
1751,9
1754,5
1755,1
1756,1
1757,4
1759,1
1761,1
1763,1
1766,5
1772,3
1775,1
1777,1
1779,2
1780,7
1781,1
1784,1
1789,4
1790,1
1791,1
1792,1
1793,5
1797,2
1799,5
1801,3
1803,4
1804,6
1807,2
1809,2
1812,3
1814,6
1819,5
1821,5
1827,3
1830,3
1831,3
1833,2
1835,4
1838,4
1842,3
1843,18
1847,5
1848,1
1854,3
1856,3
1858,1
1859,1
1862,4
1863,4
1864,1
1865,4
1867,1
1868,1
1871,1
1875,6
1877,4
1879,2
1881,1
1883,1
1888,1
1894,1
1896,1
1897,2
1898,3
1899,1
1901,4
1903,14
1904,3
1905,4
1912,1
1923,1
1924,1
1927,1
1928,4
1930,5
1931,4
1933,1
1939,1
1940,176
1941,1
1950,2
1953,5
1955,4
1963,1
1969,2
1980,1
1981,1
1985,4
1989,1
1990,1
1994,1
1995,2
1996,5
2000,1
2015,2
2021,4
2033,2
2037,3
2043,1
2044,1
2056,5
2067,2
2073,3
2075,6
2077,2
2082,4
2093,2
2094,2
2099,1
2115,1
2149,2
2183,1
2210,1
2211,3
2223,4
2257,3
2261,4
2265,5
2323,5
2331,2
2375,3
2401,2
2426,3
2492,1
2547,2
2628,14
