0,0,0,0,0,0,0,0,0
3,58,-2,497,561,3,128,948,1
3,58,-2,497,605,3,128,1184,1
160,3,-2,497,651,3,128,1377,1
160,3,-2,497,581,3,128,2339,1
3,58,-2,497,574,3,128,2402,1
3,58,-2,497,561,3,128,948,2
3,58,-2,497,605,3,128,1184,2
160,3,-2,497,651,3,128,1377,2
160,3,-2,497,581,3,128,2339,2
3,58,-2,497,574,3,128,2402,2
3,58,-2,497,561,3,128,948,3
3,58,-2,497,605,3,128,1184,3
160,3,-2,497,651,3,128,1377,3
160,3,-2,497,581,3,128,2339,3
3,58,-2,497,574,3,128,2402,3
3,58,-2,497,561,3,128,948,4
3,58,-2,497,605,3,128,1184,4
160,3,-2,497,651,3,128,1377,4
160,3,-2,497,581,3,128,2339,4
3,58,-2,497,574,3,128,2402,4
3,58,-2,497,561,3,128,948,5
3,58,-2,497,605,3,128,1184,5
160,3,-2,497,651,3,128,1377,5
160,3,-2,497,581,3,128,2339,5
3,58,-2,497,574,3,128,2402,5
3,58,-2,497,561,3,128,948,6
3,58,-2,497,605,3,128,1184,6
160,3,-2,497,651,3,128,1377,6
160,3,-2,497,581,3,128,2339,6
3,58,-2,497,574,3,128,2402,6
3,58,-2,497,561,3,128,948,7
3,58,-2,497,605,3,128,1184,7
160,3,-2,497,651,3,128,1377,7
160,3,-2,497,581,3,128,2339,7
3,58,-2,497,574,3,128,2402,7
3,58,-2,497,561,3,128,948,8
3,58,-2,497,605,3,128,1184,8
160,3,-2,497,651,3,128,1377,8
160,3,-2,497,581,3,128,2339,8
3,58,-2,497,574,3,128,2402,8
3,58,-2,497,561,3,128,948,9
3,58,-2,497,605,3,128,1184,9
160,3,-2,497,651,3,128,1377,9
160,3,-2,497,581,3,128,2339,9
3,58,-2,497,574,3,128,2402,9
3,58,-2,497,561,3,128,948,10
3,58,-2,497,605,3,128,1184,10
160,3,-2,497,651,3,128,1377,10
160,3,-2,497,581,3,128,2339,10
3,58,-2,497,574,3,128,2402,10
3,58,-2,497,561,3,128,948,11
3,58,-2,497,605,3,128,1184,11
160,3,-2,497,651,3,128,1377,11
160,3,-2,497,581,3,128,2339,11
3,58,-2,497,574,3,128,2402,11
3,58,-2,497,561,3,128,948,12
3,58,-2,497,605,3,128,1184,12
160,3,-2,497,651,3,128,1377,12
160,3,-2,497,581,3,128,2339,12
3,58,-2,497,574,3,128,2402,12
3,58,-2,497,561,3,128,948,13
3,58,-2,497,605,3,128,1184,13
160,3,-2,497,651,3,128,1377,13
160,3,-2,497,581,3,128,2339,13
3,58,-2,497,574,3,128,2402,13
3,58,-2,497,561,3,128,948,14
3,58,-2,497,605,3,128,1184,14
160,3,-2,497,651,3,128,1377,14
160,3,-2,497,581,3,128,2339,14
3,58,-2,497,574,3,128,2402,14
3,58,-2,497,561,3,128,948,15
3,58,-2,497,605,3,128,1184,15
160,3,-2,497,651,3,128,1377,15
160,3,-2,497,581,3,128,2339,15
3,58,-2,497,574,3,128,2402,15
3,58,-2,497,561,3,128,948,16
3,58,-2,497,605,3,128,1184,16
160,3,-2,497,651,3,128,1377,16
160,3,-2,497,581,3,128,2339,16
3,58,-2,497,574,3,128,2402,16
3,58,-2,497,561,3,128,948,17
3,58,-2,497,605,3,128,1184,17
160,3,-2,497,651,3,128,1377,17
160,3,-2,497,581,3,128,2339,17
3,58,-2,497,574,3,128,2402,17
3,58,-2,497,561,3,128,948,18
3,58,-2,497,605,3,128,1184,18
160,3,-2,497,651,3,128,1377,18
160,3,-2,497,581,3,128,2339,18
3,58,-2,497,574,3,128,2402,18
3,58,-2,497,561,3,128,948,19
3,58,-2,497,605,3,128,1184,19
160,3,-2,497,651,3,128,1377,19
160,3,-2,497,581,3,128,2339,19
3,58,-2,497,574,3,128,2402,19
3,58,-2,497,561,3,128,948,20
3,58,-2,497,605,3,128,1184,20
160,3,-2,497,651,3,128,1377,20
160,3,-2,497,581,3,128,2339,20
3,58,-2,497,574,3,128,2402,20
3,58,-2,497,561,3,128,948,21
3,58,-2,497,605,3,128,1184,21
160,3,-2,497,651,3,128,1377,21
160,3,-2,497,581,3,128,2339,21
3,58,-2,497,574,3,128,2402,21
3,58,-2,497,561,3,128,948,22
3,58,-2,497,605,3,128,1184,22
160,3,-2,497,651,3,128,1377,22
160,3,-2,497,581,3,128,2339,22
3,58,-2,497,574,3,128,2402,22
3,58,-2,497,561,3,128,948,23
3,58,-2,497,605,3,128,1184,23
160,3,-2,497,651,3,128,1377,23
160,3,-2,497,581,3,128,2339,23
3,58,-2,497,574,3,128,2402,23
3,58,-2,497,561,3,128,948,24
3,58,-2,497,605,3,128,1184,24
160,3,-2,497,651,3,128,1377,24
160,3,-2,497,581,3,128,2339,24
3,58,-2,497,574,3,128,2402,24
3,58,-2,497,561,3,128,948,25
3,58,-2,497,605,3,128,1184,25
160,3,-2,497,651,3,128,1377,25
160,3,-2,497,581,3,128,2339,25
3,58,-2,497,574,3,128,2402,25
3,58,-2,497,561,3,128,948,26
3,58,-2,497,605,3,128,1184,26
160,3,-2,497,651,3,128,1377,26
160,3,-2,497,581,3,128,2339,26
3,58,-2,497,574,3,128,2402,26
3,58,-2,497,561,3,128,948,27
3,58,-2,497,605,3,128,1184,27
160,3,-2,497,651,3,128,1377,27
160,3,-2,497,581,3,128,2339,27
3,58,-2,497,574,3,128,2402,27
3,58,-2,497,561,3,128,948,28
3,58,-2,497,605,3,128,1184,28
160,3,-2,497,651,3,128,1377,28
160,3,-2,497,581,3,128,2339,28
3,58,-2,497,574,3,128,2402,28
3,58,-2,497,561,3,128,948,29
3,58,-2,497,605,3,128,1184,29
160,3,-2,497,651,3,128,1377,29
160,3,-2,497,581,3,128,2339,29
3,58,-2,497,574,3,128,2402,29
3,58,-2,497,561,3,128,948,30
3,58,-2,497,605,3,128,1184,30
160,3,-2,497,651,3,128,1377,30
160,3,-2,497,581,3,128,2339,30
3,58,-2,497,574,3,128,2402,30
3,58,-2,497,561,3,128,948,31
3,58,-2,497,605,3,128,1184,31
160,3,-2,497,651,3,128,1377,31
160,3,-2,497,581,3,128,2339,31
3,58,-2,497,574,3,128,2402,31
3,58,-2,497,561,3,128,948,32
3,58,-2,497,605,3,128,1184,32
160,3,-2,497,651,3,128,1377,32
160,3,-2,497,581,3,128,2339,32
3,58,-2,497,574,3,128,2402,32
3,58,-2,497,561,3,128,948,33
3,58,-2,497,605,3,128,1184,33
160,3,-2,497,651,3,128,1377,33
160,3,-2,497,581,3,128,2339,33
3,58,-2,497,574,3,128,2402,33
3,58,-2,497,561,3,128,948,34
3,58,-2,497,605,3,128,1184,34
160,3,-2,497,651,3,128,1377,34
160,3,-2,497,581,3,128,2339,34
3,58,-2,497,574,3,128,2402,34
3,58,-2,497,561,3,128,948,35
3,58,-2,497,605,3,128,1184,35
160,3,-2,497,651,3,128,1377,35
160,3,-2,497,581,3,128,2339,35
3,58,-2,497,574,3,128,2402,35
3,58,-2,497,561,3,128,948,36
3,58,-2,497,605,3,128,1184,36
160,3,-2,497,651,3,128,1377,36
160,3,-2,497,581,3,128,2339,36
3,58,-2,497,574,3,128,2402,36
3,58,-2,497,561,3,128,948,37
3,58,-2,497,605,3,128,1184,37
160,3,-2,497,651,3,128,1377,37
160,3,-2,497,581,3,128,2339,37
3,58,-2,497,574,3,128,2402,37
3,58,-2,497,561,3,128,948,38
3,58,-2,497,605,3,128,1184,38
160,3,-2,497,651,3,128,1377,38
160,3,-2,497,581,3,128,2339,38
3,58,-2,497,574,3,128,2402,38
3,58,-2,497,561,3,128,948,39
3,58,-2,497,605,3,128,1184,39
160,3,-2,497,651,3,128,1377,39
160,3,-2,497,581,3,128,2339,39
3,58,-2,497,574,3,128,2402,39
3,58,-2,497,561,3,128,948,40
3,58,-2,497,605,3,128,1184,40
160,3,-2,497,651,3,128,1377,40
160,3,-2,497,581,3,128,2339,40
3,58,-2,497,574,3,128,2402,40
3,58,-2,497,561,3,128,948,41
3,58,-2,497,605,3,128,1184,41
160,3,-2,497,651,3,128,1377,41
160,3,-2,497,581,3,128,2339,41
3,58,-2,497,574,3,128,2402,41
160,3,-2,497,517,3,128,53,42
3,56,-2,497,497,103,148,113,42
3,58,-2,497,506,3,128,491,42
3,58,-2,497,509,3,128,620,42
3,56,-2,497,529,103,148,914,42
3,56,-2,497,508,103,148,1098,42
3,56,-2,497,523,103,148,1864,42
3,58,-2,497,519,3,128,2317,42
160,3,-2,497,517,3,128,53,43
3,56,-2,497,497,103,148,113,43
3,58,-2,497,506,3,128,491,43
3,58,-2,497,509,3,128,620,43
3,56,-2,497,529,103,148,914,43
3,56,-2,497,508,103,148,1098,43
3,56,-2,497,523,103,148,1864,43
3,58,-2,497,519,3,128,2317,43
160,3,-2,497,517,3,128,53,44
3,56,-2,497,497,103,148,113,44
3,58,-2,497,506,3,128,491,44
3,58,-2,497,509,3,128,620,44
3,56,-2,497,529,103,148,914,44
3,56,-2,497,508,103,148,1098,44
3,56,-2,497,523,103,148,1864,44
3,58,-2,497,519,3,128,2317,44
160,3,-2,497,517,3,128,53,45
3,56,-2,497,497,103,148,113,45
3,58,-2,497,506,3,128,491,45
3,58,-2,497,509,3,128,620,45
3,56,-2,497,529,103,148,914,45
3,56,-2,497,508,103,148,1098,45
3,56,-2,497,523,103,148,1864,45
3,58,-2,497,519,3,128,2317,45
160,3,-2,497,517,3,128,53,46
3,56,-2,497,497,103,148,113,46
3,58,-2,497,506,3,128,491,46
3,58,-2,497,509,3,128,620,46
3,56,-2,497,529,103,148,914,46
3,56,-2,497,508,103,148,1098,46
3,56,-2,497,523,103,148,1864,46
3,58,-2,497,519,3,128,2317,46
160,3,-2,497,517,3,128,53,47
3,56,-2,497,497,103,148,113,47
3,58,-2,497,506,3,128,491,47
3,58,-2,497,509,3,128,620,47
3,56,-2,497,529,103,148,914,47
3,56,-2,497,508,103,148,1098,47
3,56,-2,497,523,103,148,1864,47
3,58,-2,497,519,3,128,2317,47
160,3,-2,497,517,3,128,53,48
3,56,-2,497,497,103,148,113,48
3,58,-2,497,506,3,128,491,48
3,58,-2,497,509,3,128,620,48
3,56,-2,497,529,103,148,914,48
3,56,-2,497,508,103,148,1098,48
3,56,-2,497,523,103,148,1864,48
3,58,-2,497,519,3,128,2317,48
160,3,-2,497,517,3,128,53,49
3,56,-2,497,497,103,148,113,49
3,58,-2,497,506,3,128,491,49
3,58,-2,497,509,3,128,620,49
3,56,-2,497,529,103,148,914,49
3,56,-2,497,508,103,148,1098,49
3,56,-2,497,523,103,148,1864,49
3,58,-2,497,519,3,128,2317,49
160,3,-2,497,517,3,128,53,50
3,56,-2,497,497,103,148,113,50
3,58,-2,497,506,3,128,491,50
3,58,-2,497,509,3,128,620,50
3,56,-2,497,529,103,148,914,50
3,56,-2,497,508,103,148,1098,50
3,56,-2,497,523,103,148,1864,50
3,58,-2,497,519,3,128,2317,50
160,3,-2,497,517,3,128,53,51
3,56,-2,497,497,103,148,113,51
3,58,-2,497,506,3,128,491,51
3,58,-2,497,509,3,128,620,51
3,56,-2,497,529,103,148,914,51
3,56,-2,497,508,103,148,1098,51
3,56,-2,497,523,103,148,1864,51
3,58,-2,497,519,3,128,2317,51
160,3,-2,497,517,3,128,53,52
3,56,-2,497,497,103,148,113,52
3,58,-2,497,506,3,128,491,52
3,58,-2,497,509,3,128,620,52
3,56,-2,497,529,103,148,914,52
3,56,-2,497,508,103,148,1098,52
3,56,-2,497,523,103,148,1864,52
3,58,-2,497,519,3,128,2317,52
160,3,-2,497,517,3,128,53,53
3,56,-2,497,497,103,148,113,53
3,58,-2,497,506,3,128,491,53
3,58,-2,497,509,3,128,620,53
3,56,-2,497,529,103,148,914,53
3,56,-2,497,508,103,148,1098,53
3,56,-2,497,523,103,148,1864,53
3,58,-2,497,519,3,128,2317,53
160,3,-2,497,517,3,128,53,54
3,56,-2,497,497,103,148,113,54
3,58,-2,497,506,3,128,491,54
3,58,-2,497,509,3,128,620,54
3,56,-2,497,529,103,148,914,54
3,56,-2,497,508,103,148,1098,54
3,56,-2,497,523,103,148,1864,54
3,58,-2,497,519,3,128,2317,54
160,3,-2,497,517,3,128,53,55
3,56,-2,497,497,103,148,113,55
3,58,-2,497,506,3,128,491,55
3,58,-2,497,509,3,128,620,55
3,56,-2,497,529,103,148,914,55
3,56,-2,497,508,103,148,1098,55
3,56,-2,497,523,103,148,1864,55
3,58,-2,497,519,3,128,2317,55
3,58,-2,497,561,3,128,948,56
3,58,-2,497,605,3,128,1184,56
160,3,-2,497,651,3,128,1377,56
160,3,-2,497,581,3,128,2339,56
3,58,-2,497,574,3,128,2402,56
3,58,-2,497,561,3,128,948,57
3,58,-2,497,605,3,128,1184,57
160,3,-2,497,651,3,128,1377,57
160,3,-2,497,581,3,128,2339,57
3,58,-2,497,574,3,128,2402,57
3,58,-2,497,561,3,128,948,58
3,58,-2,497,605,3,128,1184,58
160,3,-2,497,651,3,128,1377,58
160,3,-2,497,581,3,128,2339,58
3,58,-2,497,574,3,128,2402,58
3,58,-2,497,561,3,128,948,59
3,58,-2,497,605,3,128,1184,59
160,3,-2,497,651,3,128,1377,59
160,3,-2,497,581,3,128,2339,59
3,58,-2,497,574,3,128,2402,59
3,58,-2,497,561,3,128,948,60
3,58,-2,497,605,3,128,1184,60
160,3,-2,497,651,3,128,1377,60
160,3,-2,497,581,3,128,2339,60
3,58,-2,497,574,3,128,2402,60
3,58,-2,497,561,3,128,948,61
3,58,-2,497,605,3,128,1184,61
160,3,-2,497,651,3,128,1377,61
160,3,-2,497,581,3,128,2339,61
3,58,-2,497,574,3,128,2402,61
3,58,-2,497,561,3,128,948,62
3,58,-2,497,605,3,128,1184,62
160,3,-2,497,651,3,128,1377,62
160,3,-2,497,581,3,128,2339,62
3,58,-2,497,574,3,128,2402,62
3,58,-2,497,561,3,128,948,63
3,58,-2,497,605,3,128,1184,63
160,3,-2,497,651,3,128,1377,63
160,3,-2,497,581,3,128,2339,63
3,58,-2,497,574,3,128,2402,63
3,58,-2,497,561,3,128,948,64
3,58,-2,497,605,3,128,1184,64
160,3,-2,497,651,3,128,1377,64
160,3,-2,497,581,3,128,2339,64
3,58,-2,497,574,3,128,2402,64
3,58,-2,497,561,3,128,948,65
3,58,-2,497,605,3,128,1184,65
160,3,-2,497,651,3,128,1377,65
160,3,-2,497,581,3,128,2339,65
3,58,-2,497,574,3,128,2402,65
3,58,-2,497,561,3,128,948,66
3,58,-2,497,605,3,128,1184,66
160,3,-2,497,651,3,128,1377,66
160,3,-2,497,581,3,128,2339,66
3,58,-2,497,574,3,128,2402,66
3,58,-2,497,561,3,128,948,67
3,58,-2,497,605,3,128,1184,67
160,3,-2,497,651,3,128,1377,67
160,3,-2,497,581,3,128,2339,67
3,58,-2,497,574,3,128,2402,67
3,58,-2,497,561,3,128,948,68
3,58,-2,497,605,3,128,1184,68
160,3,-2,497,651,3,128,1377,68
160,3,-2,497,581,3,128,2339,68
3,58,-2,497,574,3,128,2402,68
3,58,-2,497,561,3,128,948,69
3,58,-2,497,605,3,128,1184,69
160,3,-2,497,651,3,128,1377,69
160,3,-2,497,581,3,128,2339,69
3,58,-2,497,574,3,128,2402,69
3,58,-2,497,561,3,128,948,70
3,58,-2,497,605,3,128,1184,70
160,3,-2,497,651,3,128,1377,70
160,3,-2,497,581,3,128,2339,70
3,58,-2,497,574,3,128,2402,70
3,58,-2,497,561,3,128,948,71
3,58,-2,497,605,3,128,1184,71
160,3,-2,497,651,3,128,1377,71
160,3,-2,497,581,3,128,2339,71
3,58,-2,497,574,3,128,2402,71
3,58,-2,497,561,3,128,948,72
3,58,-2,497,605,3,128,1184,72
160,3,-2,497,651,3,128,1377,72
160,3,-2,497,581,3,128,2339,72
3,58,-2,497,574,3,128,2402,72
3,58,-2,497,561,3,128,948,73
3,58,-2,497,605,3,128,1184,73
160,3,-2,497,651,3,128,1377,73
160,3,-2,497,581,3,128,2339,73
3,58,-2,497,574,3,128,2402,73
3,58,-2,497,561,3,128,948,74
3,58,-2,497,605,3,128,1184,74
160,3,-2,497,651,3,128,1377,74
160,3,-2,497,581,3,128,2339,74
3,58,-2,497,574,3,128,2402,74
3,58,-2,497,561,3,128,948,75
3,58,-2,497,605,3,128,1184,75
160,3,-2,497,651,3,128,1377,75
160,3,-2,497,581,3,128,2339,75
3,58,-2,497,574,3,128,2402,75
3,58,-2,497,561,3,128,948,76
3,58,-2,497,605,3,128,1184,76
160,3,-2,497,651,3,128,1377,76
160,3,-2,497,581,3,128,2339,76
3,58,-2,497,574,3,128,2402,76
3,58,-2,497,561,3,128,948,77
3,58,-2,497,605,3,128,1184,77
160,3,-2,497,651,3,128,1377,77
160,3,-2,497,581,3,128,2339,77
3,58,-2,497,574,3,128,2402,77
3,58,-2,497,561,3,128,948,78
3,58,-2,497,605,3,128,1184,78
160,3,-2,497,651,3,128,1377,78
160,3,-2,497,581,3,128,2339,78
3,58,-2,497,574,3,128,2402,78
3,58,-2,497,561,3,128,948,79
3,58,-2,497,605,3,128,1184,79
160,3,-2,497,651,3,128,1377,79
160,3,-2,497,581,3,128,2339,79
3,58,-2,497,574,3,128,2402,79
3,58,-2,497,561,3,128,948,80
3,58,-2,497,605,3,128,1184,80
160,3,-2,497,651,3,128,1377,80
160,3,-2,497,581,3,128,2339,80
3,58,-2,497,574,3,128,2402,80
3,58,-2,497,561,3,128,948,81
3,58,-2,497,605,3,128,1184,81
160,3,-2,497,651,3,128,1377,81
160,3,-2,497,581,3,128,2339,81
3,58,-2,497,574,3,128,2402,81
3,58,-2,497,561,3,128,948,82
3,58,-2,497,605,3,128,1184,82
160,3,-2,497,651,3,128,1377,82
160,3,-2,497,581,3,128,2339,82
3,58,-2,497,574,3,128,2402,82
3,58,-2,497,561,3,128,948,83
3,58,-2,497,605,3,128,1184,83
160,3,-2,497,651,3,128,1377,83
160,3,-2,497,581,3,128,2339,83
3,58,-2,497,574,3,128,2402,83
3,58,-2,497,561,3,128,948,84
3,58,-2,497,605,3,128,1184,84
160,3,-2,497,651,3,128,1377,84
160,3,-2,497,581,3,128,2339,84
3,58,-2,497,574,3,128,2402,84
3,58,-2,497,561,3,128,948,85
3,58,-2,497,605,3,128,1184,85
160,3,-2,497,651,3,128,1377,85
160,3,-2,497,581,3,128,2339,85
3,58,-2,497,574,3,128,2402,85
3,58,-2,497,561,3,128,948,86
3,58,-2,497,605,3,128,1184,86
160,3,-2,497,651,3,128,1377,86
160,3,-2,497,581,3,128,2339,86
3,58,-2,497,574,3,128,2402,86
3,58,-2,497,561,3,128,948,87
3,58,-2,497,605,3,128,1184,87
160,3,-2,497,651,3,128,1377,87
160,3,-2,497,581,3,128,2339,87
3,58,-2,497,574,3,128,2402,87
3,58,-2,497,561,3,128,948,88
3,58,-2,497,605,3,128,1184,88
160,3,-2,497,651,3,128,1377,88
160,3,-2,497,581,3,128,2339,88
3,58,-2,497,574,3,128,2402,88
3,58,-2,497,561,3,128,948,89
3,58,-2,497,605,3,128,1184,89
160,3,-2,497,651,3,128,1377,89
160,3,-2,497,581,3,128,2339,89
3,58,-2,497,574,3,128,2402,89
3,58,-2,497,561,3,128,948,90
3,58,-2,497,605,3,128,1184,90
160,3,-2,497,651,3,128,1377,90
160,3,-2,497,581,3,128,2339,90
3,58,-2,497,574,3,128,2402,90
3,58,-2,497,561,3,128,948,91
3,58,-2,497,605,3,128,1184,91
160,3,-2,497,651,3,128,1377,91
160,3,-2,497,581,3,128,2339,91
3,58,-2,497,574,3,128,2402,91
3,58,-2,497,561,3,128,948,92
3,58,-2,497,605,3,128,1184,92
160,3,-2,497,651,3,128,1377,92
160,3,-2,497,581,3,128,2339,92
3,58,-2,497,574,3,128,2402,92
3,58,-2,497,561,3,128,948,93
3,58,-2,497,605,3,128,1184,93
160,3,-2,497,651,3,128,1377,93
160,3,-2,497,581,3,128,2339,93
3,58,-2,497,574,3,128,2402,93
3,58,-2,497,561,3,128,948,94
3,58,-2,497,605,3,128,1184,94
160,3,-2,497,651,3,128,1377,94
160,3,-2,497,581,3,128,2339,94
3,58,-2,497,574,3,128,2402,94
3,58,-2,497,561,3,128,948,95
3,58,-2,497,605,3,128,1184,95
160,3,-2,497,651,3,128,1377,95
160,3,-2,497,581,3,128,2339,95
3,58,-2,497,574,3,128,2402,95
3,58,-2,497,561,3,128,948,96
3,58,-2,497,605,3,128,1184,96
160,3,-2,497,651,3,128,1377,96
160,3,-2,497,581,3,128,2339,96
3,58,-2,497,574,3,128,2402,96
3,58,-2,497,561,3,128,948,97
3,58,-2,497,605,3,128,1184,97
160,3,-2,497,651,3,128,1377,97
160,3,-2,497,581,3,128,2339,97
3,58,-2,497,574,3,128,2402,97
3,58,-2,497,561,3,128,948,98
3,58,-2,497,605,3,128,1184,98
160,3,-2,497,651,3,128,1377,98
160,3,-2,497,581,3,128,2339,98
3,58,-2,497,574,3,128,2402,98
3,58,-2,497,561,3,128,948,99
3,58,-2,497,605,3,128,1184,99
160,3,-2,497,651,3,128,1377,99
160,3,-2,497,581,3,128,2339,99
3,58,-2,497,574,3,128,2402,99
3,58,-2,497,561,3,128,948,100
3,58,-2,497,605,3,128,1184,100
160,3,-2,497,651,3,128,1377,100
160,3,-2,497,581,3,128,2339,100
3,58,-2,497,574,3,128,2402,100
3,58,-2,497,561,3,128,948,101
3,58,-2,497,605,3,128,1184,101
160,3,-2,497,651,3,128,1377,101
160,3,-2,497,581,3,128,2339,101
3,58,-2,497,574,3,128,2402,101
3,58,-2,497,561,3,128,948,102
3,58,-2,497,605,3,128,1184,102
160,3,-2,497,651,3,128,1377,102
160,3,-2,497,581,3,128,2339,102
3,58,-2,497,574,3,128,2402,102
3,58,-2,497,561,3,128,948,103
3,58,-2,497,605,3,128,1184,103
160,3,-2,497,651,3,128,1377,103
160,3,-2,497,581,3,128,2339,103
3,58,-2,497,574,3,128,2402,103
3,58,-2,497,561,3,128,948,104
3,58,-2,497,605,3,128,1184,104
160,3,-2,497,651,3,128,1377,104
160,3,-2,497,581,3,128,2339,104
3,58,-2,497,574,3,128,2402,104
3,58,-2,497,561,3,128,948,105
3,58,-2,497,605,3,128,1184,105
160,3,-2,497,651,3,128,1377,105
160,3,-2,497,581,3,128,2339,105
3,58,-2,497,574,3,128,2402,105
3,58,-2,497,561,3,128,948,106
3,58,-2,497,605,3,128,1184,106
160,3,-2,497,651,3,128,1377,106
160,3,-2,497,581,3,128,2339,106
3,58,-2,497,574,3,128,2402,106
3,58,-2,497,561,3,128,948,107
3,58,-2,497,605,3,128,1184,107
160,3,-2,497,651,3,128,1377,107
160,3,-2,497,581,3,128,2339,107
3,58,-2,497,574,3,128,2402,107
3,58,-2,497,561,3,128,948,108
3,58,-2,497,605,3,128,1184,108
160,3,-2,497,651,3,128,1377,108
160,3,-2,497,581,3,128,2339,108
3,58,-2,497,574,3,128,2402,108
3,58,-2,497,561,3,128,948,109
3,58,-2,497,605,3,128,1184,109
160,3,-2,497,651,3,128,1377,109
160,3,-2,497,581,3,128,2339,109
3,58,-2,497,574,3,128,2402,109
3,58,-2,497,561,3,128,948,110
3,58,-2,497,605,3,128,1184,110
160,3,-2,497,651,3,128,1377,110
160,3,-2,497,581,3,128,2339,110
3,58,-2,497,574,3,128,2402,110
3,58,-2,497,561,3,128,948,111
3,58,-2,497,605,3,128,1184,111
160,3,-2,497,651,3,128,1377,111
160,3,-2,497,581,3,128,2339,111
3,58,-2,497,574,3,128,2402,111
3,58,-2,497,561,3,128,948,112
3,58,-2,497,605,3,128,1184,112
160,3,-2,497,651,3,128,1377,112
160,3,-2,497,581,3,128,2339,112
3,58,-2,497,574,3,128,2402,112
3,58,-2,497,561,3,128,948,113
3,58,-2,497,605,3,128,1184,113
160,3,-2,497,651,3,128,1377,113
160,3,-2,497,581,3,128,2339,113
3,58,-2,497,574,3,128,2402,113
3,58,-2,497,561,3,128,948,114
3,58,-2,497,605,3,128,1184,114
160,3,-2,497,651,3,128,1377,114
160,3,-2,497,581,3,128,2339,114
3,58,-2,497,574,3,128,2402,114
3,58,-2,497,561,3,128,948,115
3,58,-2,497,605,3,128,1184,115
160,3,-2,497,651,3,128,1377,115
160,3,-2,497,581,3,128,2339,115
3,58,-2,497,574,3,128,2402,115
3,58,-2,497,561,3,128,948,116
3,58,-2,497,605,3,128,1184,116
160,3,-2,497,651,3,128,1377,116
160,3,-2,497,581,3,128,2339,116
3,58,-2,497,574,3,128,2402,116
3,58,-2,497,561,3,128,948,117
3,58,-2,497,605,3,128,1184,117
160,3,-2,497,651,3,128,1377,117
160,3,-2,497,581,3,128,2339,117
3,58,-2,497,574,3,128,2402,117
3,58,-2,497,561,3,128,948,118
3,58,-2,497,605,3,128,1184,118
160,3,-2,497,651,3,128,1377,118
160,3,-2,497,581,3,128,2339,118
3,58,-2,497,574,3,128,2402,118
3,58,-2,497,561,3,128,948,119
3,58,-2,497,605,3,128,1184,119
160,3,-2,497,651,3,128,1377,119
160,3,-2,497,581,3,128,2339,119
3,58,-2,497,574,3,128,2402,119
3,58,-2,497,561,3,128,948,120
3,58,-2,497,605,3,128,1184,120
160,3,-2,497,651,3,128,1377,120
160,3,-2,497,581,3,128,2339,120
3,58,-2,497,574,3,128,2402,120
3,58,-2,497,561,3,128,948,121
3,58,-2,497,605,3,128,1184,121
160,3,-2,497,651,3,128,1377,121
160,3,-2,497,581,3,128,2339,121
3,58,-2,497,574,3,128,2402,121
3,58,-2,497,561,3,128,948,122
3,58,-2,497,605,3,128,1184,122
160,3,-2,497,651,3,128,1377,122
160,3,-2,497,581,3,128,2339,122
3,58,-2,497,574,3,128,2402,122
3,58,-2,497,561,3,128,948,123
3,58,-2,497,605,3,128,1184,123
160,3,-2,497,651,3,128,1377,123
160,3,-2,497,581,3,128,2339,123
3,58,-2,497,574,3,128,2402,123
3,58,-2,497,561,3,128,948,124
3,58,-2,497,605,3,128,1184,124
160,3,-2,497,651,3,128,1377,124
160,3,-2,497,581,3,128,2339,124
3,58,-2,497,574,3,128,2402,124
3,58,-2,497,561,3,128,948,125
3,58,-2,497,605,3,128,1184,125
160,3,-2,497,651,3,128,1377,125
160,3,-2,497,581,3,128,2339,125
3,58,-2,497,574,3,128,2402,125
3,58,-2,497,561,3,128,948,126
3,58,-2,497,605,3,128,1184,126
160,3,-2,497,651,3,128,1377,126
160,3,-2,497,581,3,128,2339,126
3,58,-2,497,574,3,128,2402,126
3,58,-2,497,561,3,128,948,127
3,58,-2,497,605,3,128,1184,127
160,3,-2,497,651,3,128,1377,127
160,3,-2,497,581,3,128,2339,127
3,58,-2,497,574,3,128,2402,127
3,58,-2,497,561,3,128,948,128
3,58,-2,497,605,3,128,1184,128
160,3,-2,497,651,3,128,1377,128
160,3,-2,497,581,3,128,2339,128
3,58,-2,497,574,3,128,2402,128
3,58,-2,497,561,3,128,948,129
3,58,-2,497,605,3,128,1184,129
160,3,-2,497,651,3,128,1377,129
160,3,-2,497,581,3,128,2339,129
3,58,-2,497,574,3,128,2402,129
3,58,-2,497,561,3,128,948,130
3,58,-2,497,605,3,128,1184,130
160,3,-2,497,651,3,128,1377,130
160,3,-2,497,581,3,128,2339,130
3,58,-2,497,574,3,128,2402,130
3,58,-2,497,561,3,128,948,131
3,58,-2,497,605,3,128,1184,131
160,3,-2,497,651,3,128,1377,131
160,3,-2,497,581,3,128,2339,131
3,58,-2,497,574,3,128,2402,131
3,58,-2,497,561,3,128,948,132
3,58,-2,497,605,3,128,1184,132
160,3,-2,497,651,3,128,1377,132
160,3,-2,497,581,3,128,2339,132
3,58,-2,497,574,3,128,2402,132
3,58,-2,497,561,3,128,948,133
3,58,-2,497,605,3,128,1184,133
160,3,-2,497,651,3,128,1377,133
160,3,-2,497,581,3,128,2339,133
3,58,-2,497,574,3,128,2402,133
3,58,-2,497,561,3,128,948,134
3,58,-2,497,605,3,128,1184,134
160,3,-2,497,651,3,128,1377,134
160,3,-2,497,581,3,128,2339,134
3,58,-2,497,574,3,128,2402,134
3,58,-2,497,561,3,128,948,135
3,58,-2,497,605,3,128,1184,135
160,3,-2,497,651,3,128,1377,135
160,3,-2,497,581,3,128,2339,135
3,58,-2,497,574,3,128,2402,135
3,58,-2,497,561,3,128,948,136
3,58,-2,497,605,3,128,1184,136
160,3,-2,497,651,3,128,1377,136
160,3,-2,497,581,3,128,2339,136
3,58,-2,497,574,3,128,2402,136
3,58,-2,497,561,3,128,948,137
3,58,-2,497,605,3,128,1184,137
160,3,-2,497,651,3,128,1377,137
160,3,-2,497,581,3,128,2339,137
3,58,-2,497,574,3,128,2402,137
3,58,-2,497,561,3,128,948,138
3,58,-2,497,605,3,128,1184,138
160,3,-2,497,651,3,128,1377,138
160,3,-2,497,581,3,128,2339,138
3,58,-2,497,574,3,128,2402,138
3,58,-2,497,561,3,128,948,139
3,58,-2,497,605,3,128,1184,139
160,3,-2,497,651,3,128,1377,139
160,3,-2,497,581,3,128,2339,139
3,58,-2,497,574,3,128,2402,139
3,58,-2,497,561,3,128,948,140
3,58,-2,497,605,3,128,1184,140
160,3,-2,497,651,3,128,1377,140
160,3,-2,497,581,3,128,2339,140
3,58,-2,497,574,3,128,2402,140
3,58,-2,497,561,3,128,948,141
3,58,-2,497,605,3,128,1184,141
160,3,-2,497,651,3,128,1377,141
160,3,-2,497,581,3,128,2339,141
3,58,-2,497,574,3,128,2402,141
3,58,-2,497,561,3,128,948,142
3,58,-2,497,605,3,128,1184,142
160,3,-2,497,651,3,128,1377,142
160,3,-2,497,581,3,128,2339,142
3,58,-2,497,574,3,128,2402,142
3,58,-2,497,561,3,128,948,143
3,58,-2,497,605,3,128,1184,143
160,3,-2,497,651,3,128,1377,143
160,3,-2,497,581,3,128,2339,143
3,58,-2,497,574,3,128,2402,143
3,58,-2,497,561,3,128,948,144
3,58,-2,497,605,3,128,1184,144
160,3,-2,497,651,3,128,1377,144
160,3,-2,497,581,3,128,2339,144
3,58,-2,497,574,3,128,2402,144
3,58,-2,497,561,3,128,948,145
3,58,-2,497,605,3,128,1184,145
160,3,-2,497,651,3,128,1377,145
160,3,-2,497,581,3,128,2339,145
3,58,-2,497,574,3,128,2402,145
3,58,-2,497,561,3,128,948,146
3,58,-2,497,605,3,128,1184,146
160,3,-2,497,651,3,128,1377,146
160,3,-2,497,581,3,128,2339,146
3,58,-2,497,574,3,128,2402,146
3,58,-2,497,561,3,128,948,147
3,58,-2,497,605,3,128,1184,147
160,3,-2,497,651,3,128,1377,147
160,3,-2,497,581,3,128,2339,147
3,58,-2,497,574,3,128,2402,147
3,58,-2,497,561,3,128,948,148
3,58,-2,497,605,3,128,1184,148
160,3,-2,497,651,3,128,1377,148
160,3,-2,497,581,3,128,2339,148
3,58,-2,497,574,3,128,2402,148
3,58,-2,497,561,3,128,948,149
3,58,-2,497,605,3,128,1184,149
160,3,-2,497,651,3,128,1377,149
160,3,-2,497,581,3,128,2339,149
3,58,-2,497,574,3,128,2402,149
3,58,-2,497,561,3,128,948,150
3,58,-2,497,605,3,128,1184,150
160,3,-2,497,651,3,128,1377,150
160,3,-2,497,581,3,128,2339,150
3,58,-2,497,574,3,128,2402,150
3,58,-2,497,561,3,128,948,151
3,58,-2,497,605,3,128,1184,151
160,3,-2,497,651,3,128,1377,151
160,3,-2,497,581,3,128,2339,151
3,58,-2,497,574,3,128,2402,151
3,58,-2,497,561,3,128,948,152
3,58,-2,497,605,3,128,1184,152
160,3,-2,497,651,3,128,1377,152
160,3,-2,497,581,3,128,2339,152
3,58,-2,497,574,3,128,2402,152
3,58,-2,497,561,3,128,948,153
3,58,-2,497,605,3,128,1184,153
160,3,-2,497,651,3,128,1377,153
160,3,-2,497,581,3,128,2339,153
3,58,-2,497,574,3,128,2402,153
3,58,-2,497,561,3,128,948,154
3,58,-2,497,605,3,128,1184,154
160,3,-2,497,651,3,128,1377,154
160,3,-2,497,581,3,128,2339,154
3,58,-2,497,574,3,128,2402,154
3,58,-2,497,561,3,128,948,155
3,58,-2,497,605,3,128,1184,155
160,3,-2,497,651,3,128,1377,155
160,3,-2,497,581,3,128,2339,155
3,58,-2,497,574,3,128,2402,155
3,58,-2,497,561,3,128,948,156
3,58,-2,497,605,3,128,1184,156
160,3,-2,497,651,3,128,1377,156
160,3,-2,497,581,3,128,2339,156
3,58,-2,497,574,3,128,2402,156
3,58,-2,497,561,3,128,948,157
3,58,-2,497,605,3,128,1184,157
160,3,-2,497,651,3,128,1377,157
160,3,-2,497,581,3,128,2339,157
3,58,-2,497,574,3,128,2402,157
3,58,-2,497,561,3,128,948,158
3,58,-2,497,605,3,128,1184,158
160,3,-2,497,651,3,128,1377,158
160,3,-2,497,581,3,128,2339,158
3,58,-2,497,574,3,128,2402,158
3,58,-2,497,561,3,128,948,159
3,58,-2,497,605,3,128,1184,159
160,3,-2,497,651,3,128,1377,159
160,3,-2,497,581,3,128,2339,159
3,58,-2,497,574,3,128,2402,159
3,58,-2,497,561,3,128,948,160
3,58,-2,497,605,3,128,1184,160
160,3,-2,497,651,3,128,1377,160
160,3,-2,497,581,3,128,2339,160
3,58,-2,497,574,3,128,2402,160
3,58,-2,497,561,3,128,948,161
3,58,-2,497,605,3,128,1184,161
160,3,-2,497,651,3,128,1377,161
160,3,-2,497,581,3,128,2339,161
3,58,-2,497,574,3,128,2402,161
3,58,-2,497,561,3,128,948,162
3,58,-2,497,605,3,128,1184,162
160,3,-2,497,651,3,128,1377,162
160,3,-2,497,581,3,128,2339,162
3,58,-2,497,574,3,128,2402,162
3,58,-2,497,561,3,128,948,163
3,58,-2,497,605,3,128,1184,163
160,3,-2,497,651,3,128,1377,163
160,3,-2,497,581,3,128,2339,163
3,58,-2,497,574,3,128,2402,163
3,58,-2,497,561,3,128,948,164
3,58,-2,497,605,3,128,1184,164
160,3,-2,497,651,3,128,1377,164
160,3,-2,497,581,3,128,2339,164
3,58,-2,497,574,3,128,2402,164
3,58,-2,497,561,3,128,948,165
3,58,-2,497,605,3,128,1184,165
160,3,-2,497,651,3,128,1377,165
160,3,-2,497,581,3,128,2339,165
3,58,-2,497,574,3,128,2402,165
3,58,-2,497,561,3,128,948,166
3,58,-2,497,605,3,128,1184,166
160,3,-2,497,651,3,128,1377,166
160,3,-2,497,581,3,128,2339,166
3,58,-2,497,574,3,128,2402,166
3,58,-2,497,561,3,128,948,167
3,58,-2,497,605,3,128,1184,167
160,3,-2,497,651,3,128,1377,167
160,3,-2,497,581,3,128,2339,167
3,58,-2,497,574,3,128,2402,167
3,58,-2,497,561,3,128,948,168
3,58,-2,497,605,3,128,1184,168
160,3,-2,497,651,3,128,1377,168
160,3,-2,497,581,3,128,2339,168
3,58,-2,497,574,3,128,2402,168
3,58,-2,497,561,3,128,948,169
3,58,-2,497,605,3,128,1184,169
160,3,-2,497,651,3,128,1377,169
160,3,-2,497,581,3,128,2339,169
3,58,-2,497,574,3,128,2402,169
3,58,-2,497,561,3,128,948,170
3,58,-2,497,605,3,128,1184,170
160,3,-2,497,651,3,128,1377,170
160,3,-2,497,581,3,128,2339,170
3,58,-2,497,574,3,128,2402,170
3,58,-2,497,561,3,128,948,171
3,58,-2,497,605,3,128,1184,171
160,3,-2,497,651,3,128,1377,171
160,3,-2,497,581,3,128,2339,171
3,58,-2,497,574,3,128,2402,171
3,58,-2,497,561,3,128,948,172
3,58,-2,497,605,3,128,1184,172
160,3,-2,497,651,3,128,1377,172
160,3,-2,497,581,3,128,2339,172
3,58,-2,497,574,3,128,2402,172
3,58,-2,497,561,3,128,948,173
3,58,-2,497,605,3,128,1184,173
160,3,-2,497,651,3,128,1377,173
160,3,-2,497,581,3,128,2339,173
3,58,-2,497,574,3,128,2402,173
3,58,-2,497,561,3,128,948,174
3,58,-2,497,605,3,128,1184,174
160,3,-2,497,651,3,128,1377,174
160,3,-2,497,581,3,128,2339,174
3,58,-2,497,574,3,128,2402,174
3,58,-2,497,561,3,128,948,175
3,58,-2,497,605,3,128,1184,175
160,3,-2,497,651,3,128,1377,175
160,3,-2,497,581,3,128,2339,175
3,58,-2,497,574,3,128,2402,175
3,58,-2,497,561,3,128,948,176
3,58,-2,497,605,3,128,1184,176
160,3,-2,497,651,3,128,1377,176
160,3,-2,497,581,3,128,2339,176
3,58,-2,497,574,3,128,2402,176
3,58,-2,497,561,3,128,948,177
3,58,-2,497,605,3,128,1184,177
160,3,-2,497,651,3,128,1377,177
160,3,-2,497,581,3,128,2339,177
3,58,-2,497,574,3,128,2402,177
3,58,-2,497,561,3,128,948,178
3,58,-2,497,605,3,128,1184,178
160,3,-2,497,651,3,128,1377,178
160,3,-2,497,581,3,128,2339,178
3,58,-2,497,574,3,128,2402,178
3,58,-2,497,561,3,128,948,179
3,58,-2,497,605,3,128,1184,179
160,3,-2,497,651,3,128,1377,179
160,3,-2,497,581,3,128,2339,179
3,58,-2,497,574,3,128,2402,179
3,58,-2,497,561,3,128,948,180
3,58,-2,497,605,3,128,1184,180
160,3,-2,497,651,3,128,1377,180
160,3,-2,497,581,3,128,2339,180
3,58,-2,497,574,3,128,2402,180
3,58,-2,497,561,3,128,948,181
3,58,-2,497,605,3,128,1184,181
160,3,-2,497,651,3,128,1377,181
160,3,-2,497,581,3,128,2339,181
3,58,-2,497,574,3,128,2402,181
3,58,-2,497,561,3,128,948,182
3,58,-2,497,605,3,128,1184,182
160,3,-2,497,651,3,128,1377,182
160,3,-2,497,581,3,128,2339,182
3,58,-2,497,574,3,128,2402,182
3,58,-2,497,561,3,128,948,183
3,58,-2,497,605,3,128,1184,183
160,3,-2,497,651,3,128,1377,183
160,3,-2,497,581,3,128,2339,183
3,58,-2,497,574,3,128,2402,183
3,58,-2,497,561,3,128,948,184
3,58,-2,497,605,3,128,1184,184
160,3,-2,497,651,3,128,1377,184
160,3,-2,497,581,3,128,2339,184
3,58,-2,497,574,3,128,2402,184
3,58,-2,497,561,3,128,948,185
3,58,-2,497,605,3,128,1184,185
160,3,-2,497,651,3,128,1377,185
160,3,-2,497,581,3,128,2339,185
3,58,-2,497,574,3,128,2402,185
3,58,-2,497,561,3,128,948,186
3,58,-2,497,605,3,128,1184,186
160,3,-2,497,651,3,128,1377,186
160,3,-2,497,581,3,128,2339,186
3,58,-2,497,574,3,128,2402,186
3,58,-2,497,561,3,128,948,187
3,58,-2,497,605,3,128,1184,187
160,3,-2,497,651,3,128,1377,187
160,3,-2,497,581,3,128,2339,187
3,58,-2,497,574,3,128,2402,187
3,58,-2,497,561,3,128,948,188
3,58,-2,497,605,3,128,1184,188
160,3,-2,497,651,3,128,1377,188
160,3,-2,497,581,3,128,2339,188
3,58,-2,497,574,3,128,2402,188
3,58,-2,497,561,3,128,948,189
3,58,-2,497,605,3,128,1184,189
160,3,-2,497,651,3,128,1377,189
160,3,-2,497,581,3,128,2339,189
3,58,-2,497,574,3,128,2402,189
3,58,-2,497,561,3,128,948,190
3,58,-2,497,605,3,128,1184,190
160,3,-2,497,651,3,128,1377,190
160,3,-2,497,581,3,128,2339,190
3,58,-2,497,574,3,128,2402,190
3,58,-2,497,551,3,128,455,191
3,58,-2,497,523,3,128,875,191
3,56,-2,497,543,103,148,1693,192
3,58,-2,497,527,3,128,2359,192
3,56,-2,497,506,103,148,2378,192
3,56,-2,497,543,103,148,1693,193
3,58,-2,497,518,3,128,1465,194
160,3,-2,497,499,3,128,2469,194
3,58,-2,497,582,3,128,2119,195
3,58,-2,497,560,3,128,2201,195
3,58,-2,497,545,3,128,2418,195
3,58,-2,497,505,3,128,74,196
3,58,-2,497,509,3,128,93,196
3,58,-2,497,519,3,128,522,196
160,3,-2,497,543,3,128,1296,196
3,58,-2,497,561,3,128,1346,196
3,58,-2,497,564,3,128,2132,196
3,58,-2,497,553,3,128,2238,196
3,58,-2,497,526,3,128,585,197
3,58,-2,497,535,3,128,1521,197
3,58,-2,497,562,3,128,1944,197
3,58,-2,497,593,3,128,1146,198
3,58,-2,497,640,3,128,1321,198
3,58,-2,497,596,3,128,1461,198
3,58,-2,497,510,3,128,2493,198
3,58,-2,497,593,3,128,1146,199
3,58,-2,497,640,3,128,1321,199
3,58,-2,497,596,3,128,1461,199
3,58,-2,497,510,3,128,2493,199
3,58,-2,497,515,3,128,2418,200
3,58,-2,497,503,3,128,125,201
160,3,-2,497,517,3,128,395,201
3,58,-2,497,607,3,128,1190,201
3,58,-2,497,631,3,128,1471,201
3,58,-2,497,595,3,128,2233,201
3,58,-2,497,569,3,128,843,202
160,3,-2,497,573,3,128,1745,202
160,3,-2,497,566,3,128,2413,202
3,58,-2,497,569,3,128,843,203
160,3,-2,497,573,3,128,1745,203
160,3,-2,497,566,3,128,2413,203
3,58,-2,497,514,3,128,634,204
3,58,-2,497,501,3,128,241,205
3,58,-2,497,524,3,128,686,205
160,3,-2,497,547,3,128,767,205
160,3,-2,497,581,3,128,938,205
3,58,-2,497,594,3,128,2218,205
3,58,-2,497,505,3,128,2493,205
3,58,-2,497,501,3,128,241,206
3,58,-2,497,524,3,128,686,206
160,3,-2,497,547,3,128,767,206
160,3,-2,497,581,3,128,938,206
3,58,-2,497,594,3,128,2218,206
3,58,-2,497,505,3,128,2493,206
3,58,-2,497,501,3,128,241,207
3,58,-2,497,524,3,128,686,207
160,3,-2,497,547,3,128,767,207
160,3,-2,497,581,3,128,938,207
3,58,-2,497,594,3,128,2218,207
3,58,-2,497,505,3,128,2493,207
3,58,-2,497,501,3,128,241,208
3,58,-2,497,524,3,128,686,208
160,3,-2,497,547,3,128,767,208
160,3,-2,497,581,3,128,938,208
3,58,-2,497,594,3,128,2218,208
3,58,-2,497,501,3,128,73,209
3,58,-2,497,504,3,128,77,209
3,56,-2,497,504,103,148,268,209
3,58,-2,497,536,3,128,471,209
3,58,-2,497,588,3,128,2097,209
3,58,-2,497,542,3,128,1399,210
3,58,-2,497,677,3,128,1769,210
3,58,-2,497,542,3,128,1399,211
3,58,-2,497,677,3,128,1769,211
3,58,-2,497,542,3,128,1399,212
3,58,-2,497,677,3,128,1769,212
3,56,-2,497,516,103,148,270,213
160,3,-2,497,557,3,128,1851,213
160,3,-2,497,537,3,128,2283,213
3,58,-2,497,510,3,128,2435,213
3,58,-2,497,510,3,128,419,214
3,58,-2,497,543,3,128,1793,214
3,58,-2,497,533,3,128,2053,214
160,3,-2,497,509,3,128,2357,214
3,58,-2,497,510,3,128,419,215
3,58,-2,497,543,3,128,1793,215
3,58,-2,497,533,3,128,2053,215
160,3,-2,497,509,3,128,2357,215
3,58,-2,497,508,3,128,242,216
3,58,-2,497,514,3,128,473,216
3,56,-2,497,520,103,148,744,216
160,3,-2,497,537,3,128,1039,216
160,3,-2,497,533,3,128,1182,216
3,58,-2,497,569,3,128,1214,216
160,3,-2,497,547,3,128,1730,216
3,56,-2,497,526,103,148,1981,216
3,58,-2,497,508,3,128,242,217
3,58,-2,497,514,3,128,473,217
3,56,-2,497,520,103,148,744,217
160,3,-2,497,537,3,128,1039,217
160,3,-2,497,533,3,128,1182,217
3,58,-2,497,569,3,128,1214,217
160,3,-2,497,547,3,128,1730,217
3,56,-2,497,526,103,148,1981,217
3,58,-2,497,508,3,128,242,218
3,58,-2,497,514,3,128,473,218
3,56,-2,497,520,103,148,744,218
160,3,-2,497,537,3,128,1039,218
160,3,-2,497,533,3,128,1182,218
3,58,-2,497,569,3,128,1214,218
160,3,-2,497,547,3,128,1730,218
3,56,-2,497,526,103,148,1981,218
3,58,-2,497,508,3,128,242,219
3,58,-2,497,514,3,128,473,219
3,56,-2,497,520,103,148,744,219
160,3,-2,497,537,3,128,1039,219
160,3,-2,497,533,3,128,1182,219
3,58,-2,497,569,3,128,1214,219
160,3,-2,497,547,3,128,1730,219
3,56,-2,497,526,103,148,1981,219
3,58,-2,497,511,3,128,421,220
3,58,-2,497,513,3,128,572,220
160,3,-2,497,504,3,128,691,220
160,3,-2,497,567,3,128,727,220
3,56,-2,497,506,103,148,1127,220
3,56,-2,497,522,103,148,1285,220
3,58,-2,497,599,3,128,1626,220
3,58,-2,497,511,3,128,421,221
3,58,-2,497,513,3,128,572,221
160,3,-2,497,504,3,128,691,221
160,3,-2,497,567,3,128,727,221
3,56,-2,497,506,103,148,1127,221
3,56,-2,497,522,103,148,1285,221
3,58,-2,497,599,3,128,1626,221
3,58,-2,497,511,3,128,421,222
3,58,-2,497,513,3,128,572,222
160,3,-2,497,504,3,128,691,222
160,3,-2,497,567,3,128,727,222
3,56,-2,497,506,103,148,1127,222
3,56,-2,497,522,103,148,1285,222
3,58,-2,497,599,3,128,1626,222
3,58,-2,497,511,3,128,421,223
3,58,-2,497,513,3,128,572,223
160,3,-2,497,504,3,128,691,223
160,3,-2,497,567,3,128,727,223
3,56,-2,497,506,103,148,1127,223
3,56,-2,497,522,103,148,1285,223
3,58,-2,497,599,3,128,1626,223
3,58,-2,497,511,3,128,421,224
3,58,-2,497,513,3,128,572,224
160,3,-2,497,504,3,128,691,224
160,3,-2,497,567,3,128,727,224
3,56,-2,497,506,103,148,1127,224
3,56,-2,497,522,103,148,1285,224
3,58,-2,497,599,3,128,1626,224
160,3,-2,497,512,3,128,105,225
160,3,-2,497,512,3,128,105,226
160,3,-2,497,512,3,128,105,227
3,58,-2,497,507,3,128,272,228
160,3,-2,497,538,3,128,738,228
160,3,-2,497,512,3,128,868,228
3,58,-2,497,572,3,128,1816,228
3,58,-2,497,561,3,128,1893,228
3,58,-2,497,507,3,128,272,229
160,3,-2,497,538,3,128,738,229
160,3,-2,497,512,3,128,868,229
3,58,-2,497,572,3,128,1816,229
3,58,-2,497,561,3,128,1893,229
3,58,-2,497,507,3,128,272,230
160,3,-2,497,538,3,128,738,230
160,3,-2,497,512,3,128,868,230
3,58,-2,497,572,3,128,1816,230
3,58,-2,497,561,3,128,1893,230
3,58,-2,497,507,3,128,272,231
160,3,-2,497,538,3,128,738,231
160,3,-2,497,512,3,128,868,231
3,58,-2,497,572,3,128,1816,231
3,58,-2,497,561,3,128,1893,231
3,58,-2,497,507,3,128,272,232
160,3,-2,497,538,3,128,738,232
160,3,-2,497,512,3,128,868,232
3,58,-2,497,572,3,128,1816,232
3,58,-2,497,561,3,128,1893,232
160,3,-2,497,527,3,128,677,233
3,56,-2,497,506,103,148,1295,233
3,58,-2,497,569,3,128,1547,233
3,58,-2,497,541,3,128,1906,233
3,58,-2,497,508,3,128,450,234
3,58,-2,497,531,3,128,682,234
3,58,-2,497,532,3,128,946,234
3,56,-2,497,505,103,148,1486,234
3,58,-2,497,508,3,128,450,235
3,58,-2,497,531,3,128,682,235
3,58,-2,497,532,3,128,946,235
3,56,-2,497,505,103,148,1486,235
3,58,-2,497,508,3,128,450,236
3,58,-2,497,531,3,128,682,236
3,58,-2,497,532,3,128,946,236
3,56,-2,497,505,103,148,1486,236
3,58,-2,497,508,3,128,450,237
3,58,-2,497,531,3,128,682,237
3,58,-2,497,532,3,128,946,237
3,56,-2,497,505,103,148,1486,237
3,58,-2,497,533,3,128,505,238
160,3,-2,497,531,3,128,1139,238
3,58,-2,497,559,3,128,1403,238
3,56,-2,497,522,103,148,1592,238
160,3,-2,497,596,3,128,2227,238
3,58,-2,497,629,3,128,2233,238
3,58,-2,497,533,3,128,505,239
160,3,-2,497,531,3,128,1139,239
3,58,-2,497,559,3,128,1403,239
3,56,-2,497,522,103,148,1592,239
160,3,-2,497,596,3,128,2227,239
3,58,-2,497,629,3,128,2233,239
3,58,-2,497,533,3,128,505,240
160,3,-2,497,531,3,128,1139,240
3,58,-2,497,559,3,128,1403,240
3,56,-2,497,522,103,148,1592,240
160,3,-2,497,596,3,128,2227,240
3,58,-2,497,629,3,128,2233,240
3,58,-2,497,513,3,128,362,241
3,58,-2,497,531,3,128,714,241
3,58,-2,497,567,3,128,972,241
3,58,-2,497,588,3,128,1107,241
3,58,-2,497,543,3,128,2233,241
3,56,-2,497,508,103,148,363,242
3,58,-2,497,568,3,128,951,242
3,58,-2,497,559,3,128,1140,242
3,56,-2,497,508,103,148,363,243
3,58,-2,497,568,3,128,951,243
3,58,-2,497,559,3,128,1140,243
3,56,-2,497,508,103,148,363,244
3,58,-2,497,568,3,128,951,244
3,58,-2,497,559,3,128,1140,244
3,56,-2,497,508,103,148,363,245
3,58,-2,497,568,3,128,951,245
3,58,-2,497,559,3,128,1140,245
3,58,-2,497,510,3,128,48,246
3,58,-2,497,510,3,128,240,246
3,58,-2,497,509,3,128,304,246
3,58,-2,497,611,3,128,1876,246
3,58,-2,497,622,3,128,2342,246
3,58,-2,497,588,3,128,2444,246
160,3,-2,497,537,3,128,774,247
3,56,-2,497,524,103,148,967,247
3,58,-2,497,514,3,128,2137,247
3,58,-2,497,502,3,128,2474,247
160,3,-2,497,537,3,128,774,248
3,56,-2,497,524,103,148,967,248
3,58,-2,497,514,3,128,2137,248
3,58,-2,497,502,3,128,2474,248
160,3,-2,497,537,3,128,774,249
3,56,-2,497,524,103,148,967,249
3,58,-2,497,514,3,128,2137,249
3,58,-2,497,502,3,128,2474,249
