0,0,0,0,0,0,0,0,0
3,130,-2,513,522,3,40,310,15
3,130,-2,513,522,3,40,310,16
3,130,-2,513,522,3,40,310,26
3,130,-2,513,522,3,40,310,27
3,130,-2,513,522,3,40,310,28
3,130,-2,513,522,3,40,310,29
3,130,-2,513,522,3,40,310,30
3,130,-2,513,522,3,40,310,31
3,130,-2,513,522,3,40,310,32
3,130,-2,513,522,3,40,310,33
3,130,-2,513,522,3,40,310,34
3,130,-2,513,522,3,40,310,35
3,130,-2,513,522,3,40,310,36
3,130,-2,513,522,3,40,310,37
3,130,-2,513,522,3,40,310,38
3,130,-2,513,522,3,40,310,40
3,130,-2,513,522,3,40,310,41
3,130,-2,513,522,3,40,310,42
3,130,-2,513,522,3,40,310,43
3,130,-2,513,522,3,40,310,44
3,130,-2,513,522,3,40,310,45
3,130,-2,513,522,3,40,310,46
3,130,-2,513,522,3,40,310,47
3,130,-2,513,522,3,40,310,48
3,130,-2,513,522,3,40,310,49
3,130,-2,513,522,3,40,310,50
3,130,-2,513,522,3,40,310,51
3,130,-2,513,522,3,40,310,52
3,130,-2,513,522,3,40,310,53
3,130,-2,513,522,3,40,310,54
3,130,-2,513,522,3,40,310,55
3,130,-2,513,522,3,40,310,61
3,130,-2,513,522,3,40,310,63
3,130,-2,513,522,3,40,310,71
3,130,-2,513,522,3,40,310,76
3,130,-2,513,522,3,40,310,78
3,130,-2,513,522,3,40,310,79
3,130,-2,513,522,3,40,310,80
3,130,-2,513,522,3,40,310,81
3,130,-2,513,522,3,40,310,82
3,130,-2,513,522,3,40,310,83
3,130,-2,513,522,3,40,310,84
3,130,-2,513,522,3,40,310,85
3,130,-2,513,522,3,40,310,87
3,130,-2,513,522,3,40,310,90
3,130,-2,513,522,3,40,310,91
3,130,-2,513,522,3,40,310,92
3,130,-2,513,522,3,40,310,93
3,130,-2,513,522,3,40,310,95
3,130,-2,513,522,3,40,310,98
3,130,-2,513,522,3,40,310,99
3,130,-2,513,522,3,40,310,104
3,130,-2,513,522,3,40,310,105
3,130,-2,513,522,3,40,310,106
3,130,-2,513,522,3,40,310,107
3,130,-2,513,522,3,40,310,111
3,130,-2,513,522,3,40,310,116
3,130,-2,513,522,3,40,310,117
3,130,-2,513,522,3,40,310,127
3,130,-2,513,522,3,40,310,133
3,130,-2,513,522,3,40,310,134
3,130,-2,513,522,3,40,310,136
3,130,-2,513,522,3,40,310,154
3,130,-2,513,522,3,40,310,156
3,130,-2,513,522,3,40,310,164
3,130,-2,513,522,3,40,310,165
3,130,-2,513,522,3,40,310,171
3,130,-2,513,522,3,40,310,172
3,130,-2,513,522,3,40,310,173
3,130,-2,513,522,3,40,310,174
3,130,-2,513,522,3,40,310,176
3,130,-2,513,522,3,40,310,177
3,130,-2,513,522,3,40,310,178
3,130,-2,513,522,3,40,310,179
3,130,-2,513,522,3,40,310,181
3,130,-2,513,522,3,40,310,182
3,130,-2,513,522,3,40,310,183
3,130,-2,513,522,3,40,310,184
3,130,-2,513,522,3,40,310,185
3,130,-2,513,522,3,40,310,186
3,130,-2,513,522,3,40,310,187
3,130,-2,513,522,3,40,310,188
3,130,-2,513,522,3,40,310,189
3,130,-2,513,522,3,40,310,190
3,130,-2,513,522,3,40,310,191
3,130,-2,513,522,3,40,310,192
3,130,-2,513,522,3,40,310,193
3,130,-2,513,522,3,40,310,194
3,130,-2,513,522,3,40,310,195
3,130,-2,513,522,3,40,310,196
3,130,-2,513,522,3,40,310,197
3,130,-2,513,522,3,40,310,198
3,130,-2,513,522,3,40,310,199
3,130,-2,513,522,3,40,310,200
3,130,-2,513,522,3,40,310,201
3,130,-2,513,522,3,40,310,202
3,130,-2,513,522,3,40,310,203
3,130,-2,513,522,3,40,310,204
3,130,-2,513,522,3,40,310,205
3,130,-2,513,522,3,40,310,206
3,130,-2,513,522,3,40,310,207
3,130,-2,513,522,3,40,310,208
3,130,-2,513,522,3,40,310,209
3,130,-2,513,522,3,40,310,210
3,130,-2,513,522,3,40,310,211
3,130,-2,513,522,3,40,310,212
3,130,-2,513,522,3,40,310,213
3,130,-2,513,522,3,40,310,214
3,130,-2,513,522,3,40,310,215
3,130,-2,513,522,3,40,310,216
3,130,-2,513,522,3,40,310,217
3,130,-2,513,522,3,40,310,218
3,130,-2,513,522,3,40,310,219
3,130,-2,513,522,3,40,310,220
3,130,-2,513,522,3,40,310,221
3,130,-2,513,522,3,40,310,222
3,130,-2,513,522,3,40,310,223
3,130,-2,513,522,3,40,310,224
3,130,-2,513,540,105,148,563,225
3,130,-2,513,521,3,40,2422,225
3,130,-2,513,540,105,148,563,226
3,130,-2,513,521,3,40,2422,226
3,130,-2,513,540,105,148,563,227
3,130,-2,513,521,3,40,2422,227
3,130,-2,513,540,105,148,563,228
3,130,-2,513,521,3,40,2422,228
3,130,-2,513,556,3,40,2357,229
3,130,-2,513,556,3,40,2357,230
3,128,-2,513,566,210,3,918,236
3,130,-2,513,702,105,148,1856,237
3,128,-2,513,718,210,3,1702,240
3,128,-2,513,718,210,3,1702,241
3,128,-2,513,718,210,3,1702,242
3,130,-2,513,546,3,40,2205,243
3,130,-2,513,546,3,40,2205,244
3,130,-2,513,546,3,40,2205,245
3,130,-2,513,546,3,40,2205,246
3,130,-2,513,605,3,40,1250,247
3,130,-2,513,605,3,40,1250,248
3,130,-2,513,605,3,40,1250,249
3,130,-2,513,558,3,40,1000,250
3,130,-2,513,554,105,148,1164,250
3,130,-2,513,524,3,40,1105,252
3,130,-2,513,546,3,40,305,261
3,130,-2,513,546,3,40,305,262
3,130,-2,513,546,3,40,305,263
3,130,-2,513,725,105,148,1270,264
3,130,-2,513,546,3,40,305,265
3,130,-2,513,546,3,40,305,266
3,130,-2,513,546,3,40,305,267
3,130,-2,513,725,105,148,1270,268
3,130,-2,513,546,3,40,305,269
3,130,-2,513,725,105,148,1270,270
3,130,-2,513,532,3,40,2119,271
3,130,-2,513,532,3,40,2119,272
3,130,-2,513,532,3,40,2119,273
3,130,-2,513,532,3,40,2119,274
3,130,-2,513,553,3,40,1128,279
3,130,-2,513,553,3,40,1128,280
3,130,-2,513,553,3,40,454,281
3,130,-2,513,596,3,40,1558,281
3,130,-2,513,553,3,40,454,282
3,130,-2,513,596,3,40,1558,282
3,130,-2,513,553,3,40,454,283
3,130,-2,513,596,3,40,1558,283
3,130,-2,513,553,3,40,454,284
3,130,-2,513,596,3,40,1558,284
3,58,-2,513,621,105,148,1007,289
3,130,-2,513,531,3,40,1390,289
3,130,-2,513,736,105,148,2009,289
3,58,-2,513,621,105,148,1007,290
3,130,-2,513,531,3,40,1390,290
3,130,-2,513,736,105,148,2009,290
3,130,-2,513,527,3,40,302,294
3,130,-2,513,527,3,40,302,295
3,130,-2,513,527,3,40,302,296
3,130,-2,513,527,3,40,302,297
3,130,-2,513,650,105,148,1303,298
3,130,-2,513,650,105,148,1303,299
3,130,-2,513,650,105,148,1303,300
