0,0
33,18345
114,16634
121,7059
123,14731
130,7700
132,3215
178,4709
180,2201
187,5520
192,11
193,13942
194,253
195,35792
196,1884
199,4790
201,7064
205,688
207,171
209,460
213,13983
214,568
215,22756
217,4181
221,5040
232,44759
240,6254
242,6
243,24222
256,1410
258,4357
259,2647
261,905
262,1334
263,11384
265,24650
266,206
267,63
269,1006
273,1394
285,50
287,648
296,377
297,310
301,2468
302,5
303,13811
304,16654
305,17
306,6468
307,3989
308,6719
309,1480
310,3141
312,26345
313,2349
314,11976
317,1424
318,543
324,124
327,121
329,24
331,8067
333,3863
335,3658
339,423
341,277
342,1638
344,554
345,542
347,31
348,526
349,314
351,486
353,4018
358,24
360,3
361,517
362,12304
363,753
367,4984
368,141
369,2769
370,694
371,8
372,455
373,442
375,14233
376,26
377,7278
379,1080
381,129
383,2962
384,10162
385,460
386,3221
387,257
388,3
389,3409
390,140
391,564
392,2354
393,863
394,2078
395,1071
396,146
397,779
399,25
401,517
402,483
403,631
405,390
407,1277
409,2731
411,631
413,1516
415,146
417,7739
418,393
419,3349
421,282
423,1014
425,64
426,3
427,1055
428,681
429,58
431,7
432,355
433,501
434,722
435,602
436,1043
437,371
438,231
439,21
440,4
441,1366
442,10
443,1289
444,270
445,2202
446,6
447,2600
449,1597
450,123
451,1609
452,368
453,7897
454,33
455,8202
456,2063
457,5029
458,504
459,1770
460,253
461,884
462,358
463,1918
464,920
465,201
466,710
467,43
469,129
470,147
471,51
472,12
475,72
476,16
477,570
478,10
479,122
480,122
481,170
482,317
483,361
484,11
485,136
486,1827
487,522
488,1218
489,1003
490,1889
491,527
492,4112
493,388
494,850
495,303
496,141
497,4442
498,239
499,979
501,3195
503,585
504,14
505,278
506,1301
507,4226
508,2574
509,873
510,292
511,1805
512,1411
513,180
514,1111
515,41
516,1462
517,7
518,364
519,36
520,58
521,1278
522,288
523,1785
524,434
525,842
527,1671
528,8
529,155
530,69
531,328
532,251
533,647
534,172
535,142
536,233
537,628
538,182
539,790
540,238
541,862
542,17
543,58
544,263
545,228
546,1605
547,250
548,150
549,369
550,305
551,323
552,185
554,33
555,114
556,850
557,58
558,3
559,41
560,8
561,35
562,6
563,591
564,10
565,313
566,990
567,1378
568,2476
569,335
570,537
571,153
572,2966
573,26
574,3
575,175
576,526
577,39
578,3
579,466
580,48
581,423
582,10
583,241
584,167
585,1587
586,17
587,271
588,320
589,525
590,19
591,606
592,135
593,214
594,584
595,746
596,520
597,28
598,62
599,444
600,783
601,151
602,405
603,362
604,63
605,172
606,10
607,299
608,161
609,349
611,161
612,1655
613,737
614,3
615,489
616,16
617,293
618,29
619,183
620,29
621,573
622,22
623,1084
624,177
625,537
626,300
627,851
628,139
629,1499
630,63
631,383
632,902
633,223
634,151
635,661
636,316
637,57
638,466
639,529
640,129
641,174
642,9
643,579
644,145
645,248
646,226
647,507
648,12
649,460
650,26
651,783
652,141
653,213
654,302
655,564
656,203
657,388
658,373
659,840
660,115
661,1023
662,17
663,1019
664,158
665,184
666,10
667,204
668,132
669,187
670,111
671,395
672,233
673,69
674,152
675,383
676,435
677,193
678,135
679,348
680,506
681,574
682,17
683,303
684,28
685,503
686,631
687,151
688,144
689,275
690,280
691,52
692,17
693,408
694,15
695,305
696,118
697,322
698,278
699,729
700,167
701,706
702,416
703,1289
704,153
705,319
706,187
707,431
708,188
709,499
710,73
711,482
712,26
713,287
714,16
715,247
716,33
717,289
718,297
719,172
720,428
721,494
722,35
723,305
724,254
725,23
726,154
727,142
728,7
729,316
730,2
731,95
732,131
733,66
734,515
735,333
736,27
737,488
738,323
739,138
740,51
741,304
742,178
743,936
744,426
745,164
746,188
747,226
748,137
749,48
750,22
751,174
752,141
753,409
754,14
755,47
756,2
757,179
759,269
760,113
761,292
762,70
763,393
764,406
765,394
766,332
767,144
768,207
769,157
770,131
771,127
772,387
773,144
774,611
775,253
776,370
777,135
778,312
779,288
780,269
781,35
782,25
783,383
784,133
785,43
786,6
787,30
788,29
789,67
790,143
791,167
792,123
793,73
794,512
795,378
796,518
797,391
798,13
799,454
800,13
801,251
802,246
803,255
804,134
805,10
806,14
807,263
808,137
809,37
810,11
811,248
812,8
813,46
814,20
815,258
816,5
817,25
818,27
819,292
820,152
821,34
822,27
823,161
824,568
825,149
826,15
827,258
828,269
829,142
830,20
831,136
832,14
833,154
834,11
835,267
836,14
837,56
838,10
839,414
840,12
841,244
842,4
843,328
844,14
845,276
846,118
847,31
848,36
849,267
850,359
851,27
852,33
853,42
854,154
855,153
856,23
857,373
858,107
859,37
860,13
861,137
862,136
863,189
864,141
865,43
866,8
867,466
868,212
869,157
870,132
871,248
872,469
873,286
874,117
875,195
876,22
877,166
878,251
879,128
880,28
881,167
882,23
883,43
884,35
885,59
886,15
887,33
888,2
889,51
890,3
891,139
892,114
893,35
894,119
895,153
896,129
897,138
898,10
899,243
900,32
901,144
902,127
903,164
904,139
905,137
906,253
907,147
908,31
909,170
910,12
911,126
912,141
913,172
914,15
915,34
916,112
917,43
918,124
919,650
920,234
921,29
922,340
923,31
924,11
925,14
926,4
927,264
928,37
929,24
930,132
931,9
932,149
933,139
934,21
935,27
936,8
937,45
938,14
939,30
940,31
941,239
942,11
943,128
944,121
945,31
946,9
947,135
948,7
949,8
950,2
951,8
952,11
953,120
954,271
955,166
956,14
957,15
958,122
959,170
960,22
961,234
962,364
963,35
964,18
965,133
966,6
967,125
968,4
969,5
970,247
971,10
972,11
973,17
974,127
975,18
976,8
977,18
978,237
979,18
980,7
981,27
982,9
983,143
984,134
985,229
986,8
987,240
988,228
989,137
990,17
991,19
992,9
993,13
994,136
995,12
996,14
997,140
998,10
999,135
1000,13
1001,16
1002,7
1003,15
1004,10
1005,133
1006,18
1007,127
1008,10
1009,18
1010,7
1011,6
1012,110
1013,134
1014,117
1015,19
1016,11
1017,19
1018,16
1019,135
1020,15
1021,277
1022,21
1023,231
1024,17
1025,125
1026,116
1027,14
1028,114
1029,123
1030,13
1031,127
1032,19
1033,127
1034,31
1035,6
1036,7
1037,16
1038,9
1039,16
1040,15
1041,140
1042,1
1043,252
1044,14
1045,238
1046,11
1047,24
1048,122
1049,10
1050,2
1051,134
1052,126
1053,131
1054,134
1055,21
1056,13
1057,12
1059,143
1060,109
1061,131
1062,22
1063,14
1064,4
1065,6
1066,4
1067,230
1068,5
1069,23
1070,122
1071,13
1072,11
1073,15
1074,120
1075,21
1076,11
1077,134
1078,2
1079,8
1080,5
1081,6
1082,4
1083,138
1084,7
1085,128
1086,8
1087,21
1088,1
1089,138
1090,1
1091,14
1092,4
1093,118
1094,15
1095,241
1096,4
1097,125
1098,11
1099,246
1100,8
1101,131
1102,122
1103,22
1104,4
1105,6
1106,13
1107,4
1108,13
1109,135
1111,16
1113,8
1114,8
1115,3
1116,11
1117,138
1118,9
1119,18
1120,8
1121,110
1122,8
1123,119
1124,20
1125,17
1126,4
1127,121
1128,5
1129,10
1130,3
1131,7
1132,9
1133,13
1134,8
1135,129
1136,4
1137,12
1138,112
1139,12
1140,4
1141,7
1142,16
1143,16
1144,4
1145,7
1146,10
1147,125
1148,6
1149,12
1150,3
1151,127
1152,3
1153,11
1154,4
1155,106
1157,2
1158,7
1159,111
1160,8
1161,6
1162,17
1163,18
1164,6
1165,14
1166,14
1167,10
1168,112
1169,17
1170,126
1171,122
1173,16
1174,13
1175,7
1176,7
1177,5
1178,122
1179,9
1180,4
1181,4
1182,5
1183,4
1184,19
1185,5
1186,4
1187,7
1188,4
1189,7
1190,4
1191,14
1192,5
1193,7
1195,133
1196,11
1197,6
1198,3
1199,4
1200,6
1201,3
1203,129
1204,8
1205,113
1206,3
1207,16
1208,3
1209,12
1210,1
1211,7
1212,4
1213,6
1215,9
1217,10
1218,5
1219,6
1221,118
1222,8
1223,11
1224,7
1225,118
1226,6
1227,119
1229,2
1230,9
1231,5
1233,17
1235,107
1236,3
1237,1
1240,7
1241,16
1242,3
1243,8
1246,4
1247,12
1249,2
1251,109
1252,10
1253,11
1254,13
1255,6
1256,4
1257,2
1258,1
1259,8
1261,14
1262,4
1263,2
1264,4
1265,14
1266,4
1267,4
1268,2
1269,1
1270,3
1271,1
1273,4
1277,108
1278,4
1281,14
1283,9
1284,1
1285,5
1286,4
1287,1
1288,3
1289,4
1290,2
1291,5
1293,5
1294,106
1296,108
1297,136
1298,2
1299,114
1301,6
1302,122
1303,1
1304,11
1305,2
1306,3
1307,1
1308,123
1309,3
1310,2
1313,118
1314,9
1315,4
1317,13
1319,4
1320,1
1321,2
1322,11
1323,2
1324,12
1325,5
1326,4
1327,4
1328,1
1329,10
1330,1
1331,7
1333,4
1334,3
1335,10
1337,4
1338,1
1339,7
1342,3
1343,6
1344,4
1345,1
1346,9
1349,5
1350,2
1351,10
1352,3
1355,8
1357,5
1358,4
1359,4
1360,1
1363,118
1366,4
1367,3
1369,8
1370,2
1372,4
1373,109
1374,4
1375,2
1379,122
1381,3
1385,6
1386,106
1387,11
1388,4
1389,13
1390,4
1394,4
1395,106
1396,4
1397,2
1398,1
1399,2
1400,1
1403,10
1405,5
1407,118
1410,4
1411,6
1412,7
1413,116
1416,1
1418,113
1420,1
1421,1
1422,3
1423,11
1424,4
1425,2
1429,2
1431,1
1433,3
1435,5
1437,1
1439,4
1441,3
1442,4
1443,7
1445,8
1446,7
1447,7
1449,6
1450,110
1451,7
1453,3
1454,4
1455,1
1456,7
1457,122
1459,1
1464,3
1465,7
1466,3
1467,2
1468,5
1469,1
1470,4
1471,121
1473,2
1476,4
1477,4
1478,3
1479,8
1480,2
1481,3
1482,2
1483,125
1485,3
1487,4
1491,3
1493,4
1494,7
1495,4
1502,2
1511,3
1517,18
1518,4
1519,4
1521,2
1523,1
1524,2
1525,4
1527,1
1528,118
1529,3
1530,5
1531,1
1532,2
1535,1
1537,5
1540,3
1541,1
1545,9
1546,106
1547,4
1549,2
1555,5
1557,1
1560,3
1561,3
1565,1
1567,3
1572,1
1573,7
1575,3
1579,4
1583,109
1585,2
1588,4
1589,3
1591,4
1601,4
1603,6
1610,8
1611,6
1617,3
1623,3
1625,3
1627,3
1629,4
1632,1
1640,3
1641,3
1652,7
1653,4
1661,118
1663,2
1672,3
1673,2
1675,4
1677,1
1678,4
1679,4
1683,3
1684,3
1689,4
1691,2
1698,5
1700,118
1702,1
1705,3
1706,3
1707,5
1713,3
1715,3
1728,4
1732,119
1734,3
1737,4
1742,2
1749,1
1754,3
1765,3
1767,7
1769,4
1777,4
1780,3
1783,3
1797,4
1802,3
1806,1
1819,8
1826,4
1830,7
1837,2
1838,4
1859,2
1881,3
1883,1
1884,1
1891,4
1900,4
1901,3
1925,4
1949,4
1985,3
1998,1
2000,4
2018,1
2081,1
2203,4
2262,3
